10063,264
16870,5100
19019,7892
23790,12137
23790,12598
37206,29222
45748,39771
44009,43495
51256,45424
51920,46427
52475,47171
53808,49305
54150,49878
25666,50025
53280,50720
54533,50980
54990,51253
57906,56656
58467,56759
20016,57879
43176,58078
38408,59572
55626,65260
60746,66821
65730,68895
64071,69785
67108,71021
64931,72084
71494,77370
69515,77495
62169,78384
52475,79103
72778,90411
59075,90443
65943,93648
45748,93835
84123,96949
73768,97963
58467,102879
53841,105161
93170,108899
75866,109453
94959,111930
52361,112021
91524,113163
95698,113289
14283,122687
95809,124740
53628,126412
77186,130425
113301,130706
78698,133094
127905,142192
68182,144793
132868,145081
132675,145918
135801,151141
16958,153644
18261,155339
124353,158416
146935,167157
53726,167451
102363,171637
68174,174234
63111,174762
71156,175328
109545,180930
95809,188546
37137,197099
60455,210464
183709,226276
172009,251594
68182,270861
157185,282402
232749,295486
244170,311143
217654,313421
172063,318416
255227,324516
259084,330109
232749,336165
160555,352569
84570,375402
279045,401872
41169,407838
341035,429650
109545,445036
353556,446597
323524,447596
260184,448053
371550,464320
380156,478639
402071,505218
109835,522222
421960,528796
440336,554618
340465,568219
355791,598083
469778,601670
42518,655624
515151,657263
109545,672144
501022,713384
442819,718161
380549,734721
291539,752583
318732,762739
145982,772695
616661,776725
634294,792395
453042,812921
152332,820115
37708,841957
350390,843513
456848,854321
267490,856513
368608,856711
146358,882183
342762,896729
723202,904496
250896,918945
385107,925973
634305,956697
414097,963922
186410,995034
378842,1016697
827991,1049549
854283,1084473
875373,1112556
804768,1134152
618988,1148478
232951,1164985
637378,1185496
811196,1196251
766602,1199354
940905,1203543
948612,1207011
516544,1210291
949844,1210804
177370,1218133
752341,1252077
961684,1294907
1003312,1295072
1002177,1301788
745769,1411260
1131943,1499424
448479,1515680
1147400,1529425
1143568,1531678
1120955,1552028
247675,1560194
256142,1562131
1128052,1612504
891963,1613886
832280,1615481
1190774,1616368
1187775,1616500
1188498,1616503
836387,1616673
1188410,1616771
1188045,1616870
1189567,1617076
66476,1617541
1189353,1619110
1192262,1619111
832118,1619605
217073,1621088
573768,1653250
490814,1654114
1008312,1666396
1152478,1692496
1217219,1706515
970139,1710576
1248198,1723132
1269587,1737100
1273264,1742376
1259625,1759761
383559,1778278
239390,1779282
1166449,1785770
1041877,1801641
490839,1821609
157185,1831524
144549,1836020
1372395,1881119
152605,1901625
617243,1906213
1287965,1929716
1342043,1950039
1389996,1955540
1423468,1975051
1448293,2002016
1121885,2019783
102544,2045619
1510272,2127125
259084,2136123
439581,2148563
53647,2148658
1419656,2166074
1573676,2234117
84123,2300746
1620278,2322110
109545,2336368
953802,2343871
365660,2390544
1519608,2406108
41169,2408074
1669220,2411208
203333,2451392
1189567,2481933
1704134,2493415
511430,2505543
542060,2508851
1480567,2531082
1532808,2536147
812481,2603678
1190520,2607960
1195691,2634231
654900,2634410
1075630,2635941
1466543,2636004
250896,2660215
1755081,2677418
68182,2680382
815943,2716237
367887,2741964
642723,2767594
155673,2774888
214480,2845201
378587,2859567
1424975,2869951
1435123,2872086
1052477,2941714
128857,2950306
1573699,2972772
1579763,2988067
1122099,3008338
1974413,3017590
1968224,3028594
1818829,3036534
718875,3042468
1753807,3063777
526011,3138202
1373303,3139007
1717853,3152492
160415,3181870
2029155,3184183
2059413,3199048
901668,3216004
84123,3220738
1170148,3243059
2082445,3250618
1121759,3305124
1610691,3307619
1197282,3338313
191991,3356254
2130862,3363609
1871158,3368911
2142108,3414904
911816,3429438
919179,3431044
2167296,3454348
1746439,3530849
439581,3532718
1485809,3568375
1838329,3576144
1042192,3607901
1516029,3677943
1234624,3718117
1524073,3747606
2295452,3750717
2301824,3788744
2317071,3799971
1836270,3842082
2342449,3857604
2047862,3871706
12167,3896705
2363151,3901815
307230,3927544
142815,3948004
1590764,3961136
2394181,3966852
2396191,3973619
327823,3987343
2411853,4002296
2418387,4021099
2414903,4029784
1009128,4037057
2267205,4069465
684552,4075051
2359713,4078734
927593,4111104
517908,4139995
2482253,4153676
490800,4159221
1283583,4159316
214480,4159355
214480,4159366
491241,4159393
517660,4159555
2502428,4200250
1419656,4219007
2516122,4229117
491241,4231532
2528937,4259785
160595,4260509
21271,4262074
1919645,4262183
152387,4269196
152341,4269814
1949835,4272356
935425,4303596
2355412,4330914
2112058,4340516
2440154,4340804
2409071,4354915
2579627,4360493
2486183,4375102
1826795,4382264
198182,4386177
2606119,4412269
632951,4412386
2618947,4441440
1189353,4452114
2627850,4458666
2629561,4462645
12947,4486955
1320599,4498359
2635549,4501387
2653278,4505247
2656922,4512741
1011146,4515341
2442740,4540427
2682480,4570677
2514358,4595482
231135,4608666
2699148,4614043
2254087,4614083
2453849,4643146
160020,4643515
1867347,4643730
385805,4648724
2638075,4649735
380549,4698734
2695766,4716409
2751129,4722932
2753123,4727031
1505467,4745540
2758849,4746526
912418,4754098
2750177,4754198
2774111,4765940
2777177,4771823
2690345,4821302
2745754,4843413
2816937,4860882
2810950,4860895
2787760,4876314
2806782,4891964
822549,4893585
2664537,4903375
2042458,4904922
440336,4907349
2048956,4909233
484794,4917297
2532513,4919036
2647277,4936590
2873454,4964713
2876398,4979306
2880554,4980337
144549,4997151
2716129,5005539
1823508,5008189
615475,5012758
2374760,5020538
80002,5023884
87617,5038803
448479,5039509
120093,5042295
2916813,5050172
2919656,5052210
169865,5054011
490839,5056810
738136,5065018
740017,5082964
1987206,5113222
17295,5117204
2505405,5128948
2782065,5132565
1723143,5142218
1108598,5156250
2955734,5158274
1275751,5158356
2912058,5168147
292620,5169289
2600673,5173396
2637314,5181865
2550981,5182195
2730398,5190392
337170,5200567
2956837,5200856
3001854,5219359
3007511,5230491
3009263,5235079
3025335,5269391
2745754,5272227
2370080,5274960
1937060,5281262
2048292,5286808
1022677,5287986
207447,5310776
3049073,5313823
260184,5333445
1509545,5336885
49504,5338537
3070171,5354280
1853196,5365203
453154,5369918
605018,5406882
3100375,5407691
15426,5434021
141133,5434025
3073601,5434630
75125,5435333
2060754,5436252
3099801,5436977
2232987,5437397
2321754,5438008
1684811,5438606
1838329,5438715
2034887,5439220
109835,5448758
12167,5450958
3129955,5455473
77679,5462788
102544,5463184
3106714,5463657
323524,5557649
1685181,5559868
1794905,5561598
3183450,5563124
1414480,5566979
3190413,5575462
517660,5575730
1572923,5576026
1572923,5576148
1572923,5576480
1995630,5584364
315555,5584968
600471,5586825
3197423,5587259
2355045,5593028
2314799,5602493
3149535,5632103
3240619,5675449
3102936,5682218
3049073,5686216
2539843,5700029
1483880,5700644
2264758,5705031
109545,5706767
2185305,5713013
3264156,5722304
3215423,5722352
55843,5723684
166968,5726049
312677,5745131
754772,5751425
3227431,5771187
1233938,5771416
3299202,5771806
3205698,5771865
2637314,5774378
3301996,5775379
3137940,5780497
421960,5782500
1132207,5783260
2803343,5789326
3302066,5790451
3275128,5795682
114370,5801319
1308009,5806182
1436644,5808530
2224082,5810549
374793,5827300
3273580,5831883
1939003,5832033
63111,5834923
3271882,5841360
1968224,5848842
815943,5858526
507844,5864324
2699148,5870172
3338753,5873784
3155229,5893890
2199631,5894101
52475,5912940
102544,5914615
3398645,5916086
2750177,5918682
155673,5926993
1505467,5928070
3417342,5932775
2135444,5941593
3207721,5948519
1845595,5950417
3434924,5950711
2018373,5950968
1848546,5959920
679981,5962521
3453439,5973977
378587,5984574
3459830,5984598
3453439,6010493
166968,6020292
3495259,6028484
2915583,6030051
2418034,6031726
3363950,6037840
82899,6039299
3283320,6044080
3509788,6045165
430195,6070275
3531055,6070633
2622401,6075270
3545446,6091104
102544,6098292
3493162,6100254
3500108,6100871
1317701,6108106
3557734,6111597
3417343,6135725
3012651,6138433
1819310,6151299
1052477,6157160
32107,6157365
84570,6163261
3531576,6181937
2748529,6192557
2756753,6202505
3643977,6224493
3646610,6225464
2323573,6234332
3459830,6251231
3232153,6254426
38222,6254568
1615766,6261724
934374,6262820
217304,6264246
2750177,6270672
3462809,6274048
3237926,6279102
56742,6281310
2042458,6291894
448479,6293836
1853196,6297637
491241,6303015
3706314,6307229
2127622,6315898
66341,6323753
2178653,6336188
3056286,6339476
259290,6344103
2799866,6352831
745769,6366135
3750764,6367634
3420523,6382462
3732611,6385376
2637314,6385440
3705347,6385493
3646640,6386268
1937060,6400674
3293360,6404343
3785500,6408062
3415243,6424851
3799368,6425478
161369,6429799
219756,6432628
605018,6440593
567458,6443155
2745754,6444576
3299202,6446791
2000133,6446879
96486,6448108
1405660,6448521
2211152,6455654
3459830,6455780
255227,6459048
560055,6461638
3723004,6467603
3832285,6470715
1224456,6486863
3547798,6489321
3002878,6492597
2137609,6494636
149472,6518802
2048956,6530097
3375802,6535965
2810950,6538418
3574526,6547498
2371057,6552013
3897076,6555262
3899006,6558092
3907888,6564154
3545446,6565448
3910500,6567564
3545446,6583550
3922096,6583706
3935384,6601896
935425,6602635
368608,6611799
2312013,6618297
3944476,6620092
3950963,6623082
1011146,6624115
1320599,6626082
731907,6631962
3397434,6637059
1842684,6637768
327823,6639740
3965231,6642807
3967767,6648493
2498874,6651023
3972063,6653258
3974453,6654793
3978348,6659755
732697,6669710
3531576,6694093
3363950,6695620
3250475,6704212
3744298,6704702
4010210,6708057
3995329,6708291
4027885,6725190
3259018,6725391
4031965,6732319
1554340,6735657
2167947,6741844
857424,6748276
526011,6753621
4072800,6778833
4080705,6789278
4095370,6807836
3467782,6814545
57368,6815453
439581,6815504
2930235,6816509
161369,6823247
274349,6826217
2190964,6828646
2409019,6830981
2912058,6834629
4113685,6835768
3802407,6836955
141984,6839377
225500,6841607
2725595,6844472
4123790,6845636
3919564,6855525
3500108,6857794
3699771,6858439
2127859,6859294
3945009,6869664
4143016,6870893
4143303,6871446
3744298,6878661
3744298,6878696
4150911,6880732
3744298,6881791
203333,6889205
149247,6889706
1695291,6891325
1972585,6931507
4191946,6932615
225500,6932835
86526,6937311
1431651,6937723
273973,6939280
4192103,6939612
3126627,6947455
217304,6951863
109545,6964716
1522571,6977861
4244201,6996419
84570,6998746
2637314,7009603
4268298,7023944
149472,7024212
2699148,7025413
1122099,7053098
3744298,7056080
1978628,7058241
4297475,7059708
4298972,7060355
4297475,7062178
4256266,7069859
4311899,7074400
4312005,7074576
4310477,7081213
4300749,7081388
4306987,7081424
4311895,7082947
2799866,7087699
1189353,7099652
4183311,7100632
2333272,7103222
4346776,7119328
219756,7132384
393687,7133199
1014366,7136660
4379238,7158301
4416710,7206093
4372360,7206311
90041,7207221
1912073,7213191
4423095,7213319
4423357,7213596
2816803,7215376
2342449,7219185
4428016,7219514
1911268,7219840
3557734,7224139
2762464,7227231
1022395,7230784
768859,7235071
1799275,7239039
1853196,7240208
4429027,7247406
4441161,7247696
4300749,7248697
4453665,7248758
144549,7290241
4487487,7290446
2047862,7290582
2926394,7294628
4494047,7297790
4493586,7297940
365672,7301763
4216823,7303573
4481817,7310630
4321190,7312085
4506982,7312899
4507414,7313200
637378,7318365
259290,7320466
4489271,7347323
35504,7352851
4508272,7366162
637378,7367240
4551057,7367374
3574526,7368952
3467782,7373798
4423125,7379945
4565348,7385778
80002,7385834
3945009,7386782
691542,7390960
4550087,7391570
4226726,7393405
4323920,7396567
194592,7404653
24362,7412162
4538856,7426970
3453439,7435101
4610240,7438713
2053281,7439063
2648114,7445774
4269588,7447995
3230278,7452582
3771618,7470545
2803343,7504486
4433076,7504976
4442441,7512071
4268298,7513157
2930235,7517532
4674883,7518631
615475,7518683
3875974,7519123
789252,7541650
1666299,7558639
870098,7559819
2199631,7572560
4718061,7575327
2474300,7578229
3240619,7588547
4250903,7588927
4733476,7594263
2102003,7598780
2637314,7606797
4737104,7609787
3205698,7645097
80002,7655483
4785835,7658429
2750177,7699454
4826492,7709106
2774111,7721395
4555424,7731260
4805931,7767089
4143303,7774147
4880819,7775349
4956462,7862506